image: iROS23.pgm
resolution: 0.025000
origin: [-16.638911, -1.603149, 0.000000]
negate: 0
occupied_thresh: 0.65
free_thresh: 0.196

